15816
9180
25420
7337
25464
26757
300
14737
7864
17438
29127
1212
11792
27675
8703
29174
10267
25278
28176
25371
9448
2791
27685
3687
5791
11821
8014
2878
5480
10541
17024
285
8840
12834
17630
3264
9933
28087
23350
1973
12333
17945
19151
19441
12970
14415
20834
16850
20601
3022
20070
27013
28002
10312
4496
2633
4458
2198
29339
17684
24240
13046
5701
16804
7829
3526
1178
3992
10783
18993
29812
2544
12704
21337
28739
28146
10130
4823
14346
17695
21190
19023
1194
11109
19390
11079
4195
17814
26967
8505
2200
1769
24746
486
19666
19936
7221
6126
7944
20377
3638
15262
10526
11049
600
28169
1659
13142
12945
10842
27135
24515
9035
24936
26469
17698
2754
21387
18853
23973
18349
15535
5325
13749
11040
1702
13361
20711
6577
147
17585
23340
18394
932
21562
1304
5534
23631
14992
21381
19823
12673
28490
6568
19024
22594
286
14116
18743
25789
4702
26766
27061
14415
2451
23377
8664
13790
3690
9379
10577
4204
23068
9399
8146
26603
17618
10804
29370
10323
11896
27111
17908
24307
17394
7860
25628
1236
4189
26067
1204
9860
13207
11065
8375
16450
25089
14931
1900
2101
4483
18170
29020
5393
673
676
13031
12828
15853
4567
13556
8254
3310
180
15848
27992
22527
16081
8441
21975
1962
6551
25491
25737
27223
3726
20986
17583
3599
1061
18226
1315
26502
22998
11292
29916
27225
12121
29153
12255
356
11288
2963
22072
16247
23268
11026
7002
3962
28134
17709
16099
3470
2472
8458
28276
26534
8053
408
1167
1654
20013
24930
3297
11898
8990
10199
25843
12859
18752
8584
13019
6606
6111
14817
8296
25501
24655
22331
11167
17002
17371
10497
19535
1888
9726
8466
6124
20620
3798
7271
22425
701
4565
2502
17543
824
3258
18134
24190
1023
21183
23203
4281
18083
6164
5924
6391
19175
12685
24619
25807
15575
1896
14525
22852
25401
881
9843
14489
15890
12697
25632
6759
28268
11396
10164
10732
19287
9361
2609
7846
18478
12864
2556
8992
4123
5024
3749
7693
1453
24070
14250
4499
16073
724
29865
1257
1039
28569
18421
11300
15679
166
827
16974
26892
24481
14182
18873
8527
7309
23487
9874
6991
12842
28761
18361
2063
5481
8108
20944
11528
22818
9088
147
1817
14857
28941
12903
21916
9951
28768
21045
20252
6373
17152
4984
17956
20630
24018
13461
26713
19093
1290
15212
19946
229
8835
24620
2326
19544
23937
6763
20207
1306
15732
1142
7518
27278
22064
2277
616
18857
24187
3699
26799
15166
183
5645
3388
2250
7873
2553
635
10386
3352
26201
25735
12505
2370
21024
8872
2901
28523
8708
539
1972
29520
29668
15889
21884
24667
29580
26873
23648
9487
18567
29442
19610
11687
5684
1196
117
20986
16925
17855
21610
23202
29827
6063
14446
24925
1854
11518
18761
4275
22212
7186
90
1754
10631
28265
27321
24534
8580
7129
18285
10980
27672
19229
21983
20249
9238
1629
26767
9031
6680
1789
4102
15648
482
21481
29196
15262
27949
2543
8474
4258
27346
9822
2066
3547
1028
12910
15918
14569
1524
24976
22326
10946
26831
16902
1015
2341
5083
13782
5872
4718
10178
25548
16718
8922
17198
14782
7195
1947
101
25619
20914
21118
21591
24198
1606
29210
26118
552
1987
25564
22532
13476
15397
13169
12884
7367
10184
26787
2170
64
6704
29496
4036
11940
29226
3607
29181
7605
22787
23981
5664
6883
15863
19855
19834
13843
9708
29025
13875
18848
9057
27894
4830
17311
2721
10168
16462
5224
13884
20299
15787
26194
28599
28013
1430
701
20611
5409
24746
2134
12076
27404
18548
22166
27859
3359
21604
21132
14046
7542
24371
26845
4334
29824
119
28937
15121
15969
3686
21999
18490
1940
29704
10132
958
1957
5487
1264
11839
25150
12379
13865
2302
1456
2617
15924
2349
12404
11068
3449
16819
23586
20399
13287
29779
11970
906
21352
10719
562
7235
614
6825
1432
1254
14222
1547
28983
4200
8916
328
13239
17977
6071
13538
25184
23832
27846
25068
27351
22571
29795
15827
26413
1311
29383
5497
25604
941
13638
6002
20980
28046
11988
3699
9773
6256
15817
8199
28253
8280
2481
25476
23508
19307
20871
25918
2534
18104
29011
27130
912
9561
18641
1702
19551
21946
24964
24647
28814
312
5418
10290
24686
2542
25666
10367
6923
6859
5580
29883
27661
2232
1104
4829
16604
11545
15393
12411
22792
20675
20195
14398
21991
8429
75
23444
28032
23705
12326
25764
17575
19284
9629
25735
13418
2012
8119
4533
2428
15394
20255
27325
13840
26048
7464
28986
23833
7277
25614
4354
143
2270
1871
1952
20772
7439
17497
24581
87
3475
694
22138
25753
29993
19750
14553
10414
22159
21051
5885
2647
28827
11595
22391
27694
6279
10097
1154
16081
3725
2517
25914
1346
179
25901
14088
862
12265
29316
7009
3757
27473
28986
3504
26794
21982
9805
96
27652
10784
24790
10559
2899
28766
10199
29775
558
23270
3
367
2125
15521
8702
28554
16363
19946
26615
18782
25454
13216
7251
992
282
1866
1981
1582
2035
2203
2666
20244
306
3943
9361
23907
25321
14228
27211
24239
16346
84
19575
5496
28629
9170
21778
22108
23888
2603
22501
25994
15628
18015
1871
18554
26870
19383
17988
24540
25164
27786
23446
24014
16128
8715
27251
27729
1633
1637
21552
6142
16632
13578
26436
21237
16304
1351
2664
9239
24123
21277
1742
22133
17584
19020
11518
15623
27769
26544
8409
24226
27756
9424
28872
7716
20536
437
29573
13042
2515
24824
988
1444
33
27167
29603
17662
22056
26154
12824
18210
6002
19048
3914
2821
19874
25999
15082
28192
23194
25356
2643
27240
972
6296
10680
28799
13216
21004
29902
12844
27158
3958
8298
28937
8365
26988
5019
9595
9603
4000
12570
4583
12733
5557
16593
5667
16169
593
4763
22315
24866
21620
15947
3862
9397
29448
9455
6472
15362
15033
5974
3816
948
7686
17871
1941
23252
2968
23860
21076
13322
3795
29991
15053
10726
24236
13212
11960
5263
20154
18840
22418
474
22159
11575
1892
24429
9032
13556
16613
4132
26467
757
4623
28851
23761
6341
23216
3981
11596
23158
19826
7173
13547
10950
23612
20659
21236
2434
12202
23834
15601
10601
12987
4743
2054
4178
1738
22588
23681
24655
29632
10958
1971
10308
10375
10956
24575
1955
24514
2417
12080
2410
15547
3004
5903
12928
29852
19182
9270
11547
6115
15379
799
12182
4112
15604
2944
8097
9632
18284
5595
24969
8767
23242
20304
11450
25402
5239
2695
2434
28723
15321
187
23575
27160
17782
3688
8412
26198
4445
2073
15840
2633
26818
7019
3495
1479
2488
1958
1838
29951
1044
2685
10025
8396
17119
180
2399
478
12028
22561
2648
18795
12027
27174
14470
17265
8061
14366
15970
672
28873
14406
9224
19910
11886
17406
10533
25306
10794
10016
26368
13517
19979
14736
21431
10190
22996
14100
2763
15597
4002
18790
2479
3282
5071
856
909
23215
1047
40
1946
21363
2553
29284
18075
19777
27744
2511
7064
6944
25731
6293
21279
18676
14858
26171
15804
21421
27250
21130
12919
12734
24498
638
6815
16336
1263
4538
27334
26040
29069
27454
11533
1959
20919
748
162
6049
5601
4759
12934
23345
10171
3757
21396
14682
17801
6055
28607
9424
4993
3054
19099
313
23668
19232
17695
19406
17841
10851
20649
15990
1271
762
4930
1749
4297
3862
8483
24528
12855
2286
28537
15989
16794
16401
25702
12777
3279
6395
10312
2673
18377
10983
7229
20437
22320
28645
6631
2306
11854
15148
24684
25296
17452
27057
21185
10083
25592
249
27433
1925
23722
12331
2040
17492
21480
26473
109
647
16422
1072
23007
11399
19985
1518
25703
9964
13614
22052
26751
2150
16318
16573
17433
29869
2534
4238
14355
9147
15372
7021
5561
26936
17540
6775
25996
20534
21612
17244
27458
7966
9172
3070
11021
22506
16675
19515
21536
2197
28597
12806
13424
2720
22985
15293
6583
14839
6555
11446
17343
6723
24013
12316
19421
17473
11531
7673
9659
10627
3311
5779
7515
8085
4130
26620
297
4658
4037
29157
4209
9656
5135
1667
13632
24026
12343
12501
29519
7317
21908
14164
10829
3429
25091
5291
11420
20664
28041
21722
6672
1651
6969
10166
22515
16340
29016
26755
19020
20424
1936
17348
12896
21310
17282
28498
22138
2747
19151
10412
22248
10863
13337
28046
21574
25480
13685
8901
19199
85
28996
7489
18448
22014
28946
16748
23311
24515
18366
11450
26988
26898
7899
7553
18168
2573
13143
3340
14243
10090
1370
12267
16010
5485
16241
20620
24113
26387
6380
14352
11788
15761
14213
6487
26949
11260
21570
12893
23225
842
10140
6090
19012
6777
24800
24260
20286
26382
11478
6408
11333
1169
4001
22329
6205
13175
5606
9591
6294
18032
8496
13876
20685
22466
21395
12099
27446
21766
24208
19762
2504
21073
14649
20698
5977
1126
405
27444
16444
11049
3398
7023
15335
87
28009
13119
17930
2373
27070
71
2045
5126
14089
730
8778
5889
27832
2350
28523
3202
2197
26771
25557
6336
14558
17171
12085
11071
5060
10874
761
15175
17905
24680
8722
10388
333
23716
7672
5199
322
3507
25839
17981
5951
1962
1418
29239
15930
5440
19309
29146
29609
24359
6486
18047
419
7581
9311
573
2307
2110
29821
8270
23581
748
20045
17376
22180
28689
27152
14061
14010
2596
7155
14205
21145
12875
20885
1098
5986
1440
2243
2164
22020
3991
9094
28534
22368
21407
15711
13657
1659
29735
26065
1832
26899
14002
25632
1955
3493
3630
26713
19511
830
8065
19858
9774
19936
29798
20851
3108
23416
20599
25845
14266
3742
23690
1338
19342
21197
7233
29886
5482
6899
25053
7164
16571
6683
13395
15123
3397
28489
23458
19163
24086
18597
1891
20051
13496
16860
17314
17453
27819
452
12268
20876
19218
23359
11433
2572
13997
49
29357
979
11271
16085
18697
20486
16881
12412
19751
24239
21038
9048
278
14238
6768
15785
5154
9918
27012
15189
6568
23753
11465
5517
8744
29711
29158
19886
27292
12915
12476
24421
5640
11446
29082
7703
9555
12024
9136
384
8533
3707
14279
9626
11057
18603
21295
448
26341
4955
12024
6931
29727
16978
565
13853
26963
9734
16285
19380
1290
18343
23972
17697
2429
9823
17034
17282
306
23001
8930
317
5382
15872
886
17878
2716
3081
2313
21299
25812
1203
21373
5597
21680
4045
7014
5818
2964
29945
11167
3865
28316
4529
1355
28381
5169
12423
24383
3550
16351
26033
8302
3212
20577
5316
24228
10198
21502
960
13688
1098
14105
8013
2428
13437
16643
21572
2998
2429
21267
8817
4436
9637
7673
19608
5019
14561
16719
18869
27681
12275
2417
23432
8508
21797
16271
28241
22202
17248
16384
9689
14034
1564
19161
15281
26459
21433
17087
4798
24380
18750
19961
9206
12324
28959
3529
10340
6267
4980
24573
9330
29080
12424
24257
14439
20020
80
4791
23087
23838
25661
2890
23643
25649
12931
20799
26216
26500
9306
26508
16964
20704
26036
20078
8974
11127
10065
15542
18717
18386
736
867
10053
23564
27239
20342
27989
29758
9956
15874
7140
18234
10805
339
1358
17276
14389
16240
24569
26717
11048
16660
19933
16266
22361
27289
2067
2741
20993
11622
18124
1114
8043
683
27830
1717
3158
28473
24411
1090
13979
1128
11002
20085
2319
18003
29370
2411
11947
20119
7404
11344
16618
25852
5265
11810
13683
1907
17436
14662
20216
26241
11641
10634
5470
970
17229
1419
6430
21938
26496
4904
1515
16800
13049
4150
18581
17252
27304
25461
19501
1706
17866
22979
4714
27887
26984
17296
11083
8883
15649
1682
20478
29360
2042
650
9473
17787
11667
4454
26503
7816
21196
23000
2589
22082
4967
3559
1165
14939
10015
25588
23298
2145
14106
1520
8302
355
4971
19132
761
16114
25051
9730
23259
24731
10729
10242
8859
2899
25103
7134
8792
26980
25159
13626
19576
15272
24526
11503
11456
1715
22056
5631
14708
1061
356
2462
16319
9104
19873
12943
28500
600
24529
12028
18774
17129
7101
8778
326
12717
19274
1372
18523
23021
19194
9783
27206
14839
24501
14006
1270
23714
6602
13182
22985
6110
26929
14133
6437
6543
18195
3567
742
13980
6283
7401
18744
12354
11951
29306
7384
25519
1994
4678
11350
6092
13804
20917
5325
23898
3749
22692
9462
13632
2061
6746
16970
28963
26375
23229
10599
568
8903
5061
3509
10838
8594
20274
23625
17232
12997
18554
9738
4225
27161
27398
29970
20136
16421
157
4439
199
7205
9249
858
25190
11001
19577
3391
22093
10097
974
16719
2866
663
7930
16250
17631
17517
2365
22609
6840
27657
770
13908
27468
911
7170
7511
11818
1406
8152
14634
6134
27581
3733
16248
17596
151
28612
26864
23683
2804
12496
1443
26150
20763
11892
12461
15455
2420
29300
26392
22821
4739
1115
1533
27448
28226
5540
29676
27130
27278
16461
1118
7040
5365
29032
3465
16617
1470
20003
6052
23790
9754
17451
28460
18619
11721
25885
6294
2813
448
5694
1637
9533
21050
26731
24911
19308
14636
11347
7067
14783
2253
5859
21453
7357
25430
2562
19077
16278
6
21887
28581
29878
16746
1095
19122
27802
219
2524
17021
28386
13128
25602
2050
10664
19254
1212
10384
2833
1748
6262
2858
22817
17012
1876
23854
1700
22119
1179
12852
11626
27112
6078
23353
1282
22892
7053
14589
3946
12632
1944
3497
27190
11460
12074
4533
5391
4479
12900
20489
27982
3411
327
3426
1994
858
28183
16120
23789
8624
17964
21598
1502
1691
19146
22697
13050
7849
6243
11988
29396
6729
27963
28003
17184
15293
12061
7495
6682
11550
1053
24578
1052
624
18109
16651
2399
23
3203
13940
10290
11450
22667
5322
7465
6183
18569
1293
26568
120
27954
29952
23680
2741
28076
26867
968
25018
2579
848
28528
6682
1373
29890
1282
1091
28080
6381
9611
8740
7346
5354
2505
4876
2337
11073
3172
21653
3813
26172
20625
449
28771
10314
5653
17828
24531
7073
1319
21571
7940
17703
20410
18555
9854
16019
2553
1364
13240
23503
10228
7095
1931
16289
29146
9263
26855
9099
17767
26092
16325
22256
24192
28429
23644
14711
27964
543
16024
13493
14581
1968
29128
982
1135
7241
20631
443
23385
16844
17725
9339
24642
7643
23030
12259
5262
25513
11699
23920
18649
27188
8464
6815
18106
24195
20359
27986
13212
27436
10467
582
5577
1002
16119
24035
12232
28045
7055
5763
9705
2402
12967
25015
8734
19861
17627
29430
27148
2308
17951
3256
7010
29558
7344
5010
618
1195
19531
23714
16094
8150
24988
15149
11004
6776
12793
4487
14556
2127
17232
26931
14850
27295
28766
22092
17712
17391
7458
10787
11901
2711
3986
14634
17835
1977
16524
14353
20150
10654
14607
29742
26793
13090
20395
27426
22197
26243
23094
1466
24452
11413
10177
1251
14027
10250
22218
6402
9503
3568
23476
2738
25097
26491
19316
16015
21596
8453
16012
4707
11462
2643
24637
29887
3750
11290
2248
1693
15133
5825
11031
67
29288
3689
19658
23915
2621
14379
8788
5280
8595
11424
7543
24043
18647
5031
7980
19631
22557
11618
27800
16594
25027
27778
28732
29469
4732
1477
7020
8422
15964
6332
1746
6892
17455
21970
23123
15234
15119
17802
29538
2032
7734
5384
9044
278
27408
3027
5156
26450
26004
3801
17560
116
421
21684
1604
22544
22996
12075
1469
24900
2713
3580
2144
17275
11138
7897
7236
20641
21722
11952
20062
1464
685
12335
21043
25978
5339
2952
6083
26176
5484
7025
25716
498
14627
1599
797
24672
20054
2901
4964
769
3581
19463
28570
15289
776
1108
645
27920
1734
1572
7086
29889
15011
23326
13053
4192
22113
588
1601
16
1099
7475
3604
8084
14806
19774
16687
7380
23977
29002
2698
21859
1407
23655
13590
6510
10602
27101
8447
29975
9098
4718
10172
4051
13758
26331
29336
6928
970
5034
29846
5148
21210
21029
10081
23874
19989
27302
5250
29238
1094
11282
2469
15283
18135
1908
16446
18018
335
26604
12184
24830
702
19991
8942
26038
26534
6256
25070
13010
13629
5927
7322
5786
9664
27729
14913
12915
3849
10289
5294
6476
5988
1414
29599
11576
11423
7748
23673
92
29024
24504
2617
15628
5307
26534
8622
22833
18436
10468
182
6382
18146
6221
28902
9347
9637
4543
29853
13681
23002
3686
18459
7903
12572
4157
25855
13628
10797
26321
14638
22822
25669
12617
12491
10634
6313
16803
7267
8461
21120
17728
18279
8875
22754
22179
21216
14750
2563
23670
10334
4226
20399
22989
6449
25526
17477
5039
2220
29445
425
12243
27079
13958
18597
12455
18228
23232
4528
29334
28532
18450
1729
3723
4955
14675
20325
17841
2033
9653
25360
23166
19306
495
21936
1471
22105
7323
21128
8213
3360
6620
14652
1744
26027
21061
4392
9691
5470
6390
18166
17672
23371
11528
26736
6605
15017
23084
21138
3328
14721
3214
1508
3551
635
23552
5383
5715
12793
21076
24973
17526
1458
28937
6926
11602
2114
14891
13431
19692
1839
16500
17318
14209
1103
695
2564
28687
16953
5759
20114
2071
29945
26099
8280
27809
27400
1276
1449
1154
17019
25002
1483
986
2378
21460
13638
6368
4340
20479
11578
21986
11409
16769
22246
1879
29416
20455
22198
3672
21235
5011
29581
18046
11199
2170
28435
24781
1896
509
14417
20994
581
1589
11387
21833
12896
12677
23052
29443
9001
18827
1256
25797
14699
8295
5086
1396
4990
28511
2414
26032
14783
2738
13738
3006
13117
29563
12990
18539
21173
16601
17044
16221
20417
9293
1972
9164
76
3427
8074
6465
17993
12437
7610
4510
1444
60
20920
19551
13945
4072
2707
23327
26501
18722
19729
20318
17626
15152
12289
81
422
1097
21197
16666
27989
13609
8783
20074
27430
2439
24549
7461
26044
25318
7880
26740
3366
27865
11161
16448
4162
13386
4669
18350
28973
12332
13803
15590
2253
7311
12163
11801
16819
661
26146
2706
363
23235
5619
10284
6614
12489
14664
17460
20714
4678
2025
26960
28632
18166
171
22736
14655
13133
12613
820
3999
13592
12384
13279
24592
13154
2237
11322
9524
26004
15803
22492
5738
5601
73
744
22340
25313
3545
2040
15164
17532
26565
2105
29090
22538
29718
19606
11737
14264
1875
11850
8131
24878
16535
18384
20602
28527
27622
7661
14145
11264
24257
23024
6842
15180
760
1033
4697
26695
960
5624
15384
21330
20741
11575
1340
2143
27906
1563
20088
16469
14350
7782
8833
20918
11961
16449
6307
5247
19991
9529
12738
15695
4700
19079
24771
29644
17321
23188
24059
10306
1318
20412
20199
27790
23121
13394
5662
21563
5782
9189
24453
8170
27423
29122
15554
14327
1773
6330
26099
14937
2040
22566
29343
8138
26035
8744
7916
15401
27652
16179
28947
7708
16435
19149
21266
4601
7760
28051
29857
19431
24570
846
2406
2064
19501
17766
14188
22842
6492
196
18898
19655
21952
16572
1680
28089
10735
3419
28575
25898
10672
15901
9866
22811
9998
20658
3071
6491
15275
7425
27099
5035
1831
2670
22661
21279
2785
10840
2617
3783
1277
23526
14760
2959
14471
23812
29453
21860
29751
27816
20804
5016
11862
25178
2070
1880
28640
24307
8472
11388
21770
1397
28085
25550
25301
5179
15689
28751
23267
9634
9631
17894
393
16809
3805
2682
2599
7941
8815
6418
7604
21656
9793
16443
12189
10995
6193
16299
5328
10009
7620
18723
4371
12933
7191
2202
20123
1135
3097
615
29658
12364
24312
2735
19352
2148
1753
12624
13125
27847
668
3853
17294
3506
13567
14299
26414
2799
15922
28107
21511
3755
29034
16666
6769
25771
13546
25173
16082
2145
2095
24512
4463
14172
1115
20985
14465
3887
17156
15321
8332
8275
1294
8603
18156
5246
10214
6976
4784
26966
23088
26161
12204
12081
28532
14887
8138
9503
7188
25928
369
22058
11650
29587
29513
7132
4783
25981
27757
10754
18631
14812
17057
1968
27
20229
19702
6533
3423
24369
29644
8496
1509
7206
28136
22067
20297
11795
21447
1719
22911
6587
2049
6337
7402
20949
23825
13011
10974
643
20355
13718
392
3875
3631
25830
17117
10643
16086
334
22480
19576
20522
390
21448
5872
6371
1338
11345
27301
27919
25869
6417
7157
7593
990
12287
27985
5742
17738
4559
23011
3564
19826
15024
29556
1708
28158
19258
22412
18865
25698
23970
2731
29041
19807
15153
29143
2452
29133
1524
4519
9803
20633
10932
7232
26418
2570
12072
3278
27401
4168
12394
29013
6095
16670
9640
29336
2128
19711
15132
4922
24242
3911
22846
27171
9546
15300
11320
23589
12724
1397
16282
6367
15906
8849
591
24290
11508
20939
18128
19219
10889
17621
5015
14161
8533
5155
22487
27735
13364
8177
22634
10979
13054
647
26890
20504
15708
652
17861
6432
2010
23993
8363
18967
525
13055
14282
15396
1558
13740
1884
5865
10391
2041
27710
14622
8870
2264
19108
5240
1072
941
3340
208
16320
29354
3952
19073
3920
8271
19136
18
7007
19489
21647
17173
6211
19946
1805
8270
19905
17458
25909
13080
15579
29373
3911
6149
22505
27221
23417
29381
235
24010
26345
2889
16926
18486
13015
17959
29901
18565
8721
1809
19050
22069
27310
114
27613
13147
20479
2984
8988
16359
14531
13928
17148
4648
106
2382
16711
867
19389
25348
14094
18624
6123
21653
15168
8117
7591
979
19324
567
22176
3318
14116
13694
22129
10117
16563
5977
5770
4730
26960
8018
15982
2977
6819
26435
15392
22081
8935
1817
16599
5374
14144
10183
201
1486
28751
18862
2327
6219
29956
10236
5973
17784
18356
22403
28478
29320
26988
8684
661
23819
18308
3323
5791
29066
10103
26389
9151
23589
1266
1999
17457
3195
5674
23784
1483
12490
27251
19114
26401
27735
22287
18765
14105
19729
9795
24012
28798
17521
15536
28444
24585
10148
10465
26475
17852
1468
20769
1398
4448
3140
13199
13885
17202
8515
27764
15914
17626
15426
419
23344
20124
15553
23362
15968
11474
24327
16633
7650
1130
24329
5417
3826
7884
17037
15503
16681
13359
3727
840
2510
3564
27620
16103
6028
3906
2541
22213
5526
5500
638
9880
26568
3872
6736
28487
24127
4970
19107
18941
8524
3576
22552
20861
1397
21191
4622
133
24765
11870
26427
11669
17702
17993
5198
1521
17523
24009
9682
149
8498
21194
20822
20201
4346
26389
27083
1222
29682
10695
29485
14200
9618
5378
6502
21588
19118
13282
3695
2939
16560
25779
5048
17327
4645
2913
13002
102
5243
18479
26923
28189
4872
1708
19329
2287
11087
948
25595
4454
15999
21203
20461
17297
7229
23071
24762
1111
19107
7686
17399
986
3977
27540
413
15680
7939
21018
2207
10974
4906
19421
28909
26741
4384
24331
1865
12754
16206
19187
5544
3792
28912
5492
27690
27761
10964
3254
16349
19501
25950
4377
21231
2138
12240
15211
18244
5613
6344
13150
27415
6832
11
19001
14563
4468
13696
11725
3716
27321
2432
18347
24473
1404
12877
7316
26414
29759
10975
16433
7320
6783
28391
12548
28575
7203
14350
12447
4067
19808
8317
27668
17272
13317
20131
2220
4308
6595
3634
26844
16363
6348
1339
15732
360
22177
7580
14106
29759
24868
10727
27639
12465
25077
12100
17840
25167
7163
29385
2968
12147
26433
19242
23844
3851
7940
9852
12447
7303
13834
7486
10782
25334
25909
13977
24247
25451
10327
16871
22510
23206
2072
26995
27504
2544
6454
25215
15108
1863
2109
24204
28862
22715
27447
8661
2933
24344
18390
25373
20344
21445
7920
22698
12157
24044
15641
5778
16858
731
1095
8757
5624
123
22226
24331
2260
2591
15083
14496
8423
20174
12303
11740
26745
4741
25835
8584
8177
22759
24226
5134
22177
598
4381
10880
23264
11031
20899
9948
24903
1456
22441
13711
11296
13461
16363
13367
18203
26372
17851
21933
11075
15662
9881
18243
24369
14231
25605
15178
26495
13759
22417
1960
7040
18434
19770
28872
12846
22717
6136
10241
7012
28850
21652
26364
1054
6830
20154
18048
19997
10857
15439
20912
12799
27309
17156
17736
9550
394
1788
21540
21255
17130
27339
5378
22399
6289
6127
2136
24401
2343
18755
3721
12955
7337
1505
5508
106
16188
23912
10093
2370
12820
9550
14512
12547
916
8312
324
28472
21174
17672
17692
578
25006
5239
2068
10244
15306
14819
5834
12336
29341
25258
762
19795
13916
1335
5167
26716
19848
2588
7303
10114
12237
2913
2742
18487
18475
7708
23885
21847
8787
23106
23357
3494
1876
5309
13718
3705
19830
2703
357
5811
24422
9557
25054
195
16020
28735
10758
1756
1242
14079
8020
1926
10590
2048
15305
15235
3257
24345
12381
21524
4185
23426
22412
29324
15651
28614
12561
28741
15709
14890
19186
10434
11724
5741
15292
6885
2585
26785
4624
10850
14458
2617
23902
5492
862
3426
13297
29391
14728
19095
23084
19413
7055
27759
28435
9996
8293
28090
16909
5840
20295
15821
13799
8261
20501
2538
21789
3728
16819
5124
1573
1607
20399
28145
14381
27941
19236
21152
20278
1235
19166
3005
1040
259
5822
13490
19161
20495
25184
6849
25616
12162
6908
25423
19839
23332
19594
27779
9864
1884
25130
7184
2270
18081
17858
4175
17735
25394
8937
26513
23969
263
20740
4531
24611
7175
10414
24563
2022
13947
18526
18177
18084
19395
3139
1882
7103
23367
15731
12241
23685
8113
15429
11886
20914
18010
10747
25468
20022
15105
21925
27358
9017
23491
28738
4002
5469
10567
19495
7641
14147
18234
11173
1701
19792
24827
25318
2707
7857
18071
20760
24107
22428
22007
29901
1942
24793
1112
8098
7584
20610
7164
3359
2558
22535
543
24799
1922
21364
6445
20465
8716
24055
4914
1101
12755
3997
18578
12971
20900
18524
26362
18880
20666
11350
3222
1163
15551
13660
9093
24063
14562
2177
4490
18209
19242
10257
4100
28453
5130
2290
16416
22227
9269
29962
20301
13104
25779
22801
16368
25435
17717
2456
10841
2181
9382
9018
2550
14404
10242
16962
27335
12378
29547
15181
2834
21873
1098
13153
17752
1578
21715
22623
22151
22423
24572
27013
21617
28165
2623
10550
26749
12478
20973
7166
8861
22333
15126
14545
848
12483
1799
28307
17672
202
20323
8926
23550
24024
14533
3583
1541
1175
564
6209
924
7427
5384
7279
8072
21315
9772
13204
18338
10907
26741
28165
1452
21665
14642
7585
26266
25295
1493
5464
16687
8744
4849
490
15285
23070
15283
16369
23025
29364
9046
21282
10070
17888
1794
25296
20857
8243
16661
24497
18117
13499
2116
14053
11632
2089
2084
13876
18093
5935
27156
1432
4644
15404
18493
23035
17823
6155
14573
17729
27910
616
864
18313
18061
17653
2145
1456
12076
9757
1823
18711
13136
1767
2451
11431
6096
6172
21777
6930
28450
27308
4877
603
3791
24398
15728
24728
1012
14695
27419
3575
3882
22829
12667
26623
7897
24844
17502
16920
8585
19017
18437
16206
16041
11493
2426
1058
26291
16068
4388
6337
6751
19982
17304
17065
12824
15062
1202
2586
14764
13305
4325
2281
13383
15177
207
23307
23714
13547
11024
18703
13688
1534
22621
17884
2314
1661
2208
15086
24579
19047
29058
12235
26318
1565
19804
29067
6887
4619
29738
21399
20127
20874
27889
28081
29764
261
2179
1541
4176
12123
1360
16286
7137
26245
9599
5195
27497
18297
27454
900
28071
7502
28502
5304
22230
11168
1538
11784
3108
15414
9729
12042
25445
12258
17898
10438
2825
5801
9152
22277
11851
4900
10950
16076
10668
3366
27540
5667
25504
624
23147
22810
7559
11713
18374
12302
20702
11105
18225
2857
27831
9375
814
5928
1894
16585
26230
28513
22654
1869
29101
12548
3836
478
489
21409
22465
12073
10948
27370
10310
29369
22528
13755
8587
1543
1738
7767
8016
17958
28306
4085
18312
19086
3434
17787
11787
18951
7485
89
24715
18121
21875
2697
28361
17889
18930
2549
17160
5590
10038
26154
24258
26765
29860
1900
20379
17514
20763
12314
28819
4280
24013
14196
19327
16715
19277
10122
11962
25955
15592
25414
19224
7636
265
28076
28187
15972
1784
13921
11370
7797
26899
3946
4222
23780
17664
12343
8607
6960
20561
27104
22287
29663
1369
28846
19333
12317
23598
24285
17628
167
7199
21664
25613
15847
16168
22886
4443
29536
5588
25180
925
14925
15490
8755
10977
10117
25019
1571
13695
20642
18115
1072
18732
11362
11886
7852
16000
21070
11829
16637
4058
23961
5513
22944
6994
538
24424
21870
16623
19358
25133
24606
12571
28327
12716
3596
2595
29754
26494
21304
19747
16136
17818
27538
8530
19211
26405
6261
16218
500
29580
22385
4890
4610
1999
285
1231
11845
18976
10316
18753
483
23468
176
570
21707
7353
333
17212
17097
449
21887
20083
21674
8701
16526
7657
13472
5718
10513
3321
488
8792
24513
13830
1961
21913
8880
22637
23328
13944
19593
23223
9466
201
2329
15636
6657
5584
13070
4101
26363
13499
16127
17240
5071
29973
22445
24921
8682
12713
3977
2631
27105
29892
19318
17413
1832
25998
19151
29202
2594
8089
28844
2491
6058
10427
12897
22159
2657
1001
20296
25364
2200
18821
13761
22968
4801
7178
14710
29194
8113
12996
2484
15914
14937
26869
16407
27774
469
8790
20148
20903
23444
17579
525
20148
4282
28570
10641
26517
23234
26301
2738
7634
9064
25078
21451
25469
1686
14339
8818
14949
3773
5970
7722
21388
4758
16662
5932
17115
2233
1386
615
6933
958
10453
405
1546
6899
19008
4016
11533
5342
17124
22741
1447
1842
11959
10023
22157
3367
11816
807
2256
9173
24825
2147
6484
9697
845
24125
16003
10844
24834
11758
5698
19176
4928
14795
28708
5405
15442
1174
2014
11051
13749
24887
17404
22464
25711
12765
19666
6444
10146
31
4020
26563
5473
19608
618
15234
1170
22227
15070
5366
19509
3411
12056
3418
3860
16087
12652
12800
19835
28892
1986
12018
11097
2610
26167
3288
15303
27123
1074
1564
4505
29154
25978
14157
15923
28113
9654
11969
12959
325
548
8063
14044
20638
78
15195
27512
14449
21065
819
2401
29176
13616
17786
21496
17118
24002
29251
29031
14707
24215
20033
7476
25846
1160
17212
26903
25364
15903
28390
9
26284
5965
2702
8094
7125
7515
22837
15252
3362
16163
17167
2684
28197
2128
10253
9144
28465
3
10185
17910
2356
25064
2737
16284
6629
19272
4183
10164
5995
10896
2568
762
1279
8753
16252
2340
1794
2409
2558
22161
22385
18531
16589
17413
19048
18122
9201
21188
1717
1636
8497
2285
2767
14349
15685
12793
1335
1776
568
4019
27101
28142
464
29994
25334
872
15489
1253
7724
5407
22927
22423
26087
8815
29795
28180
24523
9718
6767
23874
5250
3659
9797
25219
9403
12013
15541
29042
20338
15738
9525
15035
11634
12066
391
5425
17945
2650
10389
2026
24924
213
10400
7629
15114
26032
13465
6528
1573
21485
207
859
6286
6434
21195
16337
1584
14450
18552
16175
21792
6589
6792
18037
10547
14612
24082
14950
10225
27248
2432
8411
17561
1443
16552
19548
3429
3726
11321
26097
24078
11669
24665
18742
7059
3152
5772
26286
23863
27267
16088
8281
9928
2593
11303
21641
6183
1404
24556
2801
13829
15120
14601
719
12267
2929
2545
19052
18301
2114
23049
481
15615
13271
22101
460
25880
12605
13648
11203
19414
2520
4635
24088
2291
16542
730
2718
10583
1747
28252
28923
20957
627
25850
6447
2602
7719
193
17188
2012
402
4307
29829
16687
2972
5130
6356
28838
13649
18143
26551
26647
21482
18570
1427
29736
5132
7019
4700
2713
5231
1193
6828
4354
2658
3865
7954
751
28077
13665
9644
8457
8936
557
2552
1958
2202
24257
2487
28100
10740
14080
515
15362
27407
1853
26611
5359
5123
18080
6509
12935
2361
12828
1275
15611
5700
3375
10321
2433
19947
19481
9517
6540
3658
2160
26384
8557
538
4034
15708
16378
1166
17789
15071
17822
27232
23564
6751
19408
16107
10563
20854
19609
17322
6653
17825
21328
25376
2307
22419
10921
14026
2048
14543
11246
10578
4819
16245
5003
2309
5205
11356
2464
7815
1564
5986
451
7109
10670
208
11604
508
15386
28706
19717
1817
29588
517
1418
29072
95
21377
13021
17456
5360
7097
18102
18534
14672
19152
22280
26594
28098
26639
159
13639
24742
53
13833
27943
15261
6142
514
814
19438
12054
9941
3997
2600
19728
14640
12538
17673
18114
14167
13830
29599
19732
3180
9200
29357
17609
22765
27848
12624
20636
9342
27190
4322
16783
23785
28780
1775
24960
18019
3417
1110
19453
16657
18464
15618
18777
1994
29896
1946
24575
19487
28725
3462
4103
21400
22615
2483
27911
1297
5281
2120
2604
15973
17085
9882
27785
14746
23422
27005
638
11005
9238
14764
2173
399
16265
2619
12857
16097
29793
8554
20960
1035
1396
27373
27579
9923
26115
7466
1843
4108
84
12274
1974
11021
10306
1428
27386
3620
2115
5631
17329
5211
14795
21798
10814
5865
10432
22697
4568
24572
19245
177
21260
15029
314
10267
11095
17524
12636
8154
23284
25431
29897
1126
21747
1533
26671
26009
13707
4240
29861
10220
29361
6914
9442
26813
1465
25750
23212
25604
13917
8355
868
15463
7724
149
21473
42
24068
7988
714
22666
13299
12585
23272
19068
634
7869
13290
21105
18660
27365
17035
22926
165
2940
8129
25913
18470
5839
20535
20678
12784
27230
24574
19027
29159
12001
26240
5872
22250
23946
1717
25092
25048
10890
16281
7148
14756
934
8413
11236
9644
15147
14300
1019
582
26191
18642
3938
25500
22683
10312
25141
23227
23222
18643
29758
4326
7587
20734
25894
11568
23038
19845
11022
14410
29826
21444
1533
29337
19407
10350
9658
20619
4970
16002
26892
4396
24582
8827
2768
8948
18690
9672
28571
19171
17202
24187
22512
16849
6370
20293
19524
15359
8984
19362
321
3825
10266
27729
2440
27008
816
10247
18362
21035
1147
25700
8057
24494
24870
4902
9178
24534
1500
12189
25662
24723
10587
12383
26417
20303
24743
16700
19602
8830
1585
22900
23285
16758
21081
552
1813
7809
16002
24847
28078
14129
26613
23402
9913
28404
1593
25914
15289
696
146
20656
16231
15857
18103
12773
26569
2056
10489
10955
1320
17366
22880
13156
17249
12161
29768
12849
7340
21958
20812
958
18268
4168
19537
1100
7446
1063
8135
18207
23653
19669
13355
14313
5213
18725
2256
14966
29567
16037
6624
13274
2221
18222
26525
1192
28287
15545
749
15701
18436
6004
17174
987
22668
29206
2246
14466
13526
10351
12886
19260
28326
17475
9551
14384
2666
11352
4398
1403
748
18894
20324
10321
4970
6063
1185
12601
28437
20679
26450
2170
28567
12214
20329
20176
984
19
29532
13924
13378
10483
320
26619
12100
18395
11319
18542
23764
21938
13655
12890
14185
1066
22926
744
2887
25728
17139
16880
11244
22354
2383
7305
6315
11954
26059
19364
21655
13944
22043
13578
114
5852
22684
659
12038
17732
8170
905
23268
554
2469
17533
18219
19554
15461
14104
18876
8395
26908
819
24524
16387
6522
9835
23689
26768
10695
9455
27392
22109
28428
6749
26430
18257
1075
14589
21173
11814
19312
10347
26594
1913
11056
9034
4397
1309
28657
7479
18193
949
29090
1276
6524
2386
2077
470
26745
73
29410
29722
4108
1129
28726
28739
2909
21371
11595
19983
21273
763
28114
6650
1510
16438
11246
6699
21302
5380
24635
1630
3981
2152
2831
1778
15302
2678
25344
836
2194
12693
19622
13963
27523
18645
2674
25765
793
6274
1966
15714
15610
7417
14871
24352
8135
8122
9881
22663
7949
26303
27978
29302
17273
28172
6122
22076
2112
24456
617
25612
29102
15627
362
19883
1021
28856
14166
18796
22600
14221
9380
29022
28960
6712
22343
8900
15
26668
29880
29125
23163
26869
27431
1381
5917
14280
11964
28596
26947
2095
23586
22085
11651
1748
25670
2482
2257
8683
9564
5246
27043
5572
5412
14443
9299
29073
24683
13262
11972
8117
9172
23887
16200
3662
8664
1813
21185
11461
6668
2289
24071
26532
9634
15065
11914
5799
15667
29593
15929
4373
19388
24517
2418
23632
29414
17650
24410
10411
25738
1317
5023
4221
68
348
23356
19828
19815
25452
21165
22571
22626
18011
3716
9726
23842
5807
1547
1005
23784
14646
4395
431
8316
26920
2140
809
5746
11609
2510
18736
26284
11699
2536
18603
24352
1972
4126
8460
7643
10836
1832
2337
7238
12378
385
17430
2681
4783
22862
21389
21229
16675
19824
4080
3494
4750
24747
6918
3153
27658
13319
24773
24025
26719
24694
6760
2657
5055
5048
1985
14141
4020
29820
21199
19521
13142
4552
20883
2319
1681
24986
6688
25291
24774
4816
7410
28993
25057
13893
14720
5386
24427
829
276
13594
5137
15107
7131
21693
17029
28624
1080
12692
27507
13039
3166
730
8119
28191
25118
15852
17101
27705
1277
1033
20873
21778
25226
7510
264
8355
3311
9509
18918
17767
16325
19318
13233
9733
10029
20414
29854
559
7452
6376
14715
28362
20726
3738
10725
6479
3423
6073
1931
23153
4174
25135
12499
23552
10594
22508
15851
22029
4730
25898
20962
10063
13952
29686
28200
19653
23173
16620
1091
1901
23827
27970
6579
26709
2702
29192
27209
27168
28413
22701
25203
8587
1800
23750
11
17248
15906
23307
2674
8394
2889
12706
455
10683
748
113
3676
28299
6156
8654
1130
25826
21189
8873
20483
29655
15327
25516
23881
2905
9889
16849
20702
19150
19685
1877
9371
1483
29042
21691
1877
24356
1877
6933
18428
8564
18097
2943
822
24223
1513
8172
11500
5317
4316
8485
17491
1130
27777
19982
25422
1684
22514
2091
18658
29572
19069
10596
26602
18073
6136
26373
19980
865
12118
26121
443
14146
10104
25752
24478
1096
3653
7374
28258
14863
11773
17598
651
180
15562
20407
16577
3623
10905
21702
28520
19699
295
15995
560
15874
2655
10224
23791
5066
12515
2824
17659
26604
20201
9205
23165
23247
24392
11773
10290
22152
17618
23933
14996
974
7141
15150
7688
26955
19005
17575
3417
7269
16652
243
25701
19709
9549
8581
11030
10919
21077
13977
19604
1084
27307
24733
20153
29052
27417
7424
7622
16376
29699
12137
16468
10032
15608
5883
1933
2040
26247
26840
3995
15136
7764
13283
9313
13139
18795
20939
24169
272
10451
18757
3102
12536
11367
9624
15164
27543
26593
26463
340
8231
24120
29322
2996
14529
5932
7591
28086
14581
13086
18016
1816
5741
28966
3908
4284
1228
23392
10954
16593
14556
3462
22418
26113
26345
18884
29167
17132
104
20423
16035
15830
29917
10776
21225
14492
1227
26024
15801
9453
7948
26540
22087
10422
12179
21930
21453
26334
10544
17364
4746
16436
18629
7574
10762
8358
29399
1851
14505
11443
1543
24820
2131
25379
4065
587
28813
1781
19236
10133
6585
26009
12547
16342
1429
19807
7132
11274
262
18480
23623
28529
25364
28284
4161
14890
15669
26227
90
515
24782
25464
15179
7568
24055
14802
5884
5498
24447
23205
8325
8218
2095
19489
14755
1558
13651
29178
1166
6251
19063
14872
11737
20188
27247
399
3481
2154
16794
17873
25545
7221
17767
243
13293
19394
3351
1053
1014
5709
10181
15254
614
22112
5028
22767
22452
23972
14985
14191
9970
760
6057
9727
429
22208
27299
21335
21269
29055
7105
12585
1629
4265
13690
6043
27749
130
5948
15611
9367
15211
17769
21934
3343
5518
1392
28778
2254
11927
24125
25254
21584
6102
1059
22862
3980
2707
6585
25018
1788
8849
25650
2481
1247
10502
29714
7882
2763
27017
12781
1092
6822
16253
10354
935
28871
27853
12201
23290
29512
14792
23929
23686
29168
18224
24429
1387
25406
18061
8632
20130
25496
3271
26486
26979
12197
13044
14388
1687
7671
14703
18099
12944
23533
24874
13545
6392
29143
12101
22857
17671
21084
20191
26948
12793
1001
17708
11536
16320
23691
11207
8360
24566
14127
25930
9748
3861
27623
29
11498
28138
2464
15243
29461
3911
12850
25371
17109
19961
26759
29725
20999
16121
2560
16771
9895
5095
484
2546
9363
435
12091
13337
10385
2670
25610
9538
21652
29281
18335
26150
28987
6059
6719
2566
2203
17873
15166
3063
7742
21441
16671
5758
10347
15673
23805
26972
11944
22326
3370
20907
12670
10414
25365
26666
16252
15233
24689
2518
23423
1150
12179
16058
6192
27330
15132
775
3277
26007
26841
9831
1837
2618
1719
13711
7934
6189
25115
8723
3666
29903
28832
7295
29530
232
21474
21667
24432
17801
13995
5166
22363
28515
25740
26495
10447
29208
27519
18615
14644
25087
202
275
12712
27
11559
13433
11335
3134
1057
19280
18090
2458
27329
11925
15789
3929
12650
2603
326
29597
1282
2419
6323
490
1570
16925
7714
23699
16048
16702
1575
4722
7387
28322
17850
15580
2038
14947
1439
14804
473
18618
19642
22143
22740
4118
6146
2217
2629
7531
26261
16293
2188
29389
9228
17322
23725
13373
26417
2028
23542
5827
29886
12889
10962
17853
24424
11478
10285
12918
26908
9560
28169
506
2441
16487
11296
3369
15838
12031
5579
9995
1493
18314
26402
7523
12784
11019
17765
10119
26370
19100
2411
14190
1474
24858
27768
24843
3772
13599
2388
19417
2488
14128
12154
25272
23071
20536
27118
13815
7883
29749
8243
17330
7742
19762
7036
6750
12006
4725
17985
2466
29856
24569
181
21864
6010
8735
613
7989
22461
27040
25715
1157
9003
15302
244
23195
3973
13020
11142
24232
24144
739
7799
5128
28121
13958
2322
16101
15223
14416
17419
19511
23312
1773
9501
26329
2014
23758
13809
25314
12915
577
21058
29490
12283
25473
28991
23883
28354
14649
7728
8035
21494
29807
25693
15543
9901
3438
12843
9249
11305
16132
601
25837
22875
494
906
9705
15783
23697
25939
4795
2791
23275
21560
13175
24242
17096
25378
25201
12510
22585
820
21584
2883
17986
6574
26212
28354
2723
11537
10042
2439
11513
28036
19821
8842
806
7286
4286
24156
20687
6021
6503
16672
29572
2718
1149
4567
20997
3430
26037
738
10435
12249
7576
17345
22980
14897
15801
24609
24475
9226
26967
4118
27800
1731
862
23973
2620
3879
27011
17285
19695
12877
25999
10534
28661
10684
18683
24563
28063
1443
26302
1493
26558
3433
24419
28920
29789
5552
29534
2257
8880
21855
20384
12384
19527
736
2153
9650
1671
3814
13918
1403
18523
28532
27099
2818
6183
1194
26762
5005
22014
2609
26933
20159
228
6442
16856
14959
16246
20465
15355
27354
25336
4952
830
3820
2367
18993
25142
2491
24609
25339
16759
17749
7802
23746
7410
8891
22529
22336
25474
11053
12170
28232
29889
26280
22700
25701
12576
1662
18549
24766
20535
1813
24157
17468
29017
1090
6521
23023
6764
3271
11761
26286
6391
6411
3764
23550
1101
8281
16234
12854
2314
22876
683
11744
5387
19097
14446
5217
23906
17469
196
5085
27834
10009
406
25173
19224
7403
6091
22546
16051
9695
10975
2375
3846
8021
15473
8946
2291
10213
588
3843
27722
1184
15305
9152
22970
27545
25154
25192
15047
22437
15817
2326
21037
18782
12826
1721
1444
6510
22479
18786
24757
16394
13779
19981
14795
13756
12057
15204
11661
20838
862
1520
25707
18308
11084
2433
22135
11953
18192
7104
375
11629
14574
13363
17720
13597
14915
13121
23077
28243
7148
1703
5655
14928
20917
19529
29551
28103
21012
797
3683
10468
7704
17221
3221
28813
1436
16763
8938
27880
1680
8626
11673
28957
3994
23802
3714
12381
23848
16037
17858
17443
2697
15528
852
26553
9581
12100
23065
3327
29899
11237
11084
11880
4818
1866
17391
581
25377
17126
23226
29510
14650
27014
2598
573
17204
7989
1412
29990
3249
26716
2467
565
11792
27694
9634
3918
1716
13891
20466
3306
19108
15235
4848
22008
6820
9798
11682
13107
16451
11706
7568
723
23654
1876
1445
29782
14630
27306
23157
12672
24262
3760
10993
6305
29928
27137
16153
27670
17408
13457
1522
6930
27400
3009
22520
1951
7542
2179
12501
28127
2107
190
3859
20632
26157
708
26687
3823
15063
802
622
1908
3407
9191
29396
27743
12665
24297
27282
11545
4266
4469
17872
6399
20832
19045
4364
8034
10032
10823
897
20690
24319
3771
22252
1436
1605
3357
21435
19857
127
100
19271
3337
260
11850
28275
27432
6699
18350
20917
48
6347
18486
24101
7223
23826
1032
22739
27979
26554
7131
29790
11923
3433
2377
8386
16103
25896
328
3442
24515
1510
20026
4519
19528
7005
18465
28407
16771
18790
29975
8745
23538
14153
26653
13896
28228
20872
28162
19958
13665
13052
391
22275
3498
5391
19136
7230
3458
4140
11709
10635
10509
16500
11370
13878
17207
8883
8116
2439
20473
15762
3053
3479
27608
27406
5234
1121
3246
22056
21131
4892
12204
222
5010
6089
10400
26203
16984
2008
324
3435
2708
47
16631
7985
11965
7581
25569
22044
538
5964
11025
22807
1272
18854
9240
22272
1149
17050
10491
300
9370
20206
2101
27977
7750
29143
28156
21939
2056
1431
29381
4555
885
11654
29450
21685
15611
12420
5195
9089
9517
13678
6995
25181
11520
4095
652
16905
901
12057
10421
8587
13817
11284
24323
14371
489
25686
70
7041
4761
20771
28542
262
11687
4535
16077
617
4844
23442
11903
7371
5027
17684
7495
973
9421
7753
19915
5904
28884
19462
9571
11036
11374
22837
18462
17750
12996
12909
13831
21548
11476
16326
19878
14227
18451
20715
22473
11699
16471
3952
132
688
16629
27494
24950
19405
24870
13869
334
25852
16304
24458
27790
19065
450
2297
19343
7368
14623
25413
6597
28
78
2645
25157
410
1329
21321
9604
16380
10502
16582
19554
3754
16235
4493
19559
11462
10965
7507
24908
24247
562
29645
2701
6921
957
29194
25949
27235
12610
16901
27147
953
24418
843
308
914
13897
17658
17288
1709
1215
26683
18465
24336
13644
25777
370
2033
7840
7522
12493
23336
13105
22262
5240
7220
21542
20237
1424
2269
19316
24022
6494
10091
12615
21982
18185
9829
16547
5669
349
13100
24395
631
7626
2809
23778
22009
11440
532
11600
1027
9946
21815
8807
6957
5192
12642
26823
24237
4145
19376
19454
2528
20040
6042
1524
29222
1343
3226
7559
1475
25225
23267
6258
4131
27493
22607
1139
6798
28440
14745
7085
8925
28281
27596
2123
5788
7347
8699
2918
25488
23879
27443
2856
23882
25424
25774
19506
8444
22027
23625
23100
27532
7830
520
25595
5607
17144
12537
3656
11160
29282
18054
638
20377
9909
25039
15396
25448
2579
6503
22988
9310
14554
6270
10
13117
26367
783
18121
14856
21111
27226
6155
9239
8460
26005
18864
7274
10893
8927
28841
17982
7959
1141
20109
25566
25235
7720
10555
24508
16768
9999
17857
27584
25331
13177
2684
10976
7131
19237
3201
6385
1930
12214
3132
9404
2417
26465
9559
12373
7211
24553
13789
27560
4542
15821
16544
15701
10525
11200
20184
11710
7409
15961
5388
2141
3992
16396
24374
10076
830
1065
2082
7519
284
18755
23
12709
11087
8708
9913
25167
1499
15871
1790
24831
6879
8438
28032
15781
42
14717
16450
13206
2542
13998
24951
19679
26324
26143
7087
20440
10048
11793
835
11004
5062
698
20707
21239
3629
7910
20894
18177
18852
14089
178
12139
16130
16472
15861
19063
13906
6728
9411
7021
2447
19319
6344
4075
1196
29082
1792
3965
1751
28086
28733
10605
18687
8340
28650
21725
28052
19311
2206
482
15758
26863
26946
9235
14000
4699
28358
19827
20238
17674
14241
21355
4557
7194
1944
11308
1018
21093
20737
5490
10685
8369
22088
1117
29439
19495
25202
18301
14603
983
22288
3883
11169
5529
12438
20512
28272
29031
4285
13376
5781
21673
18469
3511
8543
11265
9023
71
18517
7272
2362
21728
22138
4968
25948
11122
25295
10125
16836
2511
5146
23830
23853
12276
20966
8943
14886
2233
1739
7140
2208
28807
22511
2063
14743
16506
157
25234
197
28391
27189
1932
1923
1263
1940
277
11329
4692
23926
940
15144
5004
22089
4356
25582
2276
25188
6874
2105
26375
21576
13370
3896
703
21029
16930
831
9691
160
2871
12977
24242
19155
28599
22563
8390
27541
23983
3518
12460
7164
21870
4069
24908
2849
4665
4888
8756
803
11072
12569
18482
24431
16593
12621
17441
14398
2508
12388
15363
26463
21847
27453
14928
18998
21714
12547
26510
25861
16910
16541
546
19306
13753
5445
2150
29225
16925
26230
18683
20012
9739
24332
19809
25800
11281
20391
21188
12610
2547
24656
17689
914
21593
1375
28778
15462
23238
15259
23662
2666
2713
20388
1629
3271
24951
13454
27906
2489
26136
11727
8978
20870
289
20571
23484
21724
17507
7949
9601
22586
4481
17993
18246
25281
2679
15072
29608
26988
18809
16435
18063
9806
22346
6556
16646
29979
14735
27401
14154
22762
10131
3306
25888
3897
22124
22350
7276
21554
15405
10312
16896
15405
4957
10648
3250
18037
12968
6535
15025
3407
3285
6931
12569
14136
27896
20812
14788
3439
17129
18942
21348
23475
5108
1632
18382
2078
25554
23084
1897
15186
10712
18465
12776
24611
9839
25989
9092
9269
11460
798
16430
22551
13505
15491
27443
28593
18747
2126
1808
21194
9837
389
29048
5837
7333
17801
1988
1484
2877
21311
11626
5829
1997
12125
738
15140
1439
26967
24037
9610
4451
11627
710
28109
29988
10442
2053
13888
22651
968
6178
13876
12547
10869
1455
19902
5900
2717
26025
1723
21140
20685
9224
10002
13427
25287
18069
14393
4053
14424
20988
10235
26605
8760
1314
26232
9704
769
24248
9581
27424
29315
8465
7349
21395
12936
18480
736
15507
16020
9766
21028
25535
29983
6555
24769
29233
15142
4778
13929
18425
27086
23026
15632
7114
16203
19945
20000
17140
22272
2676
3008
13714
27879
11957
24406
8965
28724
13604
16714
10913
10549
4578
11790
3237
333
2890
27739
26481
25921
200
2237
21747
10498
5102
10833
1843
13932
26564
9421
27696
1407
27232
27586
20538
16108
23735
19230
22593
22722
3251
2293
25245
26185
86
21633
16176
7982
14909
9831
7834
25057
11928
267
427
13628
25113
26951
15646
3429
24923
24200
25988
22517
8613
1738
14206
4954
19135
8470
20527
74
21252
25240
18929
26008
8633
29573
4423
19836
11165
8045
1556
1486
15809
14829
15626
25028
27290
10105
52
7677
19797
25432
5848
13996
5994
9968
19399
26872
7284
5700
3000
25507
20544
5563
10756
27370
27428
11555
15570
29613
10386
7157
28742
1184
21484
731
6646
5601
6042
18031
8350
5627
16987
3910
3092
7658
424
2861
20862
4751
1103
21426
12226
21638
4238
7655
12350
3591
10862
5986
8122
6154
15939
5256
5018
15023
6849
29708
20312
19676
5953
23474
7730
504
23316
12889
29984
7672
12055
1544
28937
14055
3463
312
1334
3436
25623
10914
28167
15031
15424
15435
15333
21723
15833
13741
2679
6450
16359
9352
14361
5629
23478
12489
12682
5964
13865
4249
9700
23326
29518
2153
14034
20680
2101
3948
973
26523
24323
8055
22727
12481
322
6628
14140
22632
15483
24557
21317
14883
29959
8023
21279
5260
6946
17212
524
8239
273
25102
5705
3491
15014
19673
4927
12026
7473
9160
7165
20572
22905
5099
18918
1006
24091
8759
23463
25848
4946
10191
20589
5704
28616
25474
17236
2721
20396
17556
6946
3992
16901
21185
25141
465
16454
22399
23226
29764
1058
11396
8992
18678
28577
21384
2460
7174
15220
15180
5903
20693
24454
21979
18517
1337
27091
25615
20383
8980
14205
6744
27699
14160
17436
697
18833
6126
854
16403
17834
6000
897
5798
26445
26291
420
24021
6370
13521
1524
16169
1578
1605
574
26265
25958
1872
8399
2057
25319
23964
21692
24080
18598
15648
11056
1534
12358
17475
18176
23838
28791
25412
14981
17208
25964
21209
13226
26202
7566
24086
11844
1704
15986
913
8354
2706
13832
12740
22117
10869
3094
8882
28050
23877
26597
6862
10726
25753
7739
3864
4714
14631
23432
345
3399
1857
15972
19121
28122
21664
265
1647
10507
13153
14909
23297
9179
9805
11428
17036
20541
6749
2275
1134
3111
6525
25943
7714
440
6801
16215
5301
12476
4790
27463
17414
14494
11210
14111
8067
23645
17454
28748
17714
28402
7114
27813
13020
14609
21074
8096
22129
22526
6856
4038
2168
2418
18499
16484
26854
19678
6126
25476
1377
12575
23635
26651
4741
2099
28122
14468
13975
28507
1164
15661
18072
1905
24349
609
17772
20843
23338
18790
24123
15185
25279
15383
24088
22316
21276
23668
28896
27247
16569
2425
9573
26299
15495
2364
1948
19373
2377
20347
2356
23291
6467
29254
24473
21183
7010
8424
24823
8722
16732
18524
7858
19421
7497
8686
24117
27628
22418
239
2729
4676
27897
10413
19721
26807
3545
16035
29093
22197
687
11500
9379
5989
14810
2302
17404
196
25247
21140
26566
9262
14704
7916
12445
24395
26990
1075
21832
22283
10028
22846
13210
2821
26806
7546
26773
4667
24274
7462
13270
243
4997
9663
10797
24770
20953
24252
1627
28394
15070
6780
20513
5350
11247
13181
198
20290
23094
18894
11929
384
18291
29895
2232
8025
29688
15607
801
625
29176
29278
23079
9742
15874
13020
20248
14138
201
13546
25100
19014
7718
10888
9295
50
13664
20598
20467
1083
378
2167
26992
27908
29165
18163
9358
7656
17096
2828
4229
7295
15830
1411
20322
9647
815
28972
23724
24308
6705
12527
10056
6323
1360
22688
666
2763
9803
9281
13037
16238
14801
20135
6421
8239
5156
10026
16722
22875
2045
12193
22904
1933
27889
22158
21069
25469
22546
8597
12339
24601
9625
23603
20231
28375
12786
7852
7496
24137
824
16709
4732
1778
4788
4020
25807
14936
20384
20693
16894
10330
16176
366
3955
11972
24019
2645
130
18209
9654
10496
15091
1744
24201
9246
12560
25946
6791
6804
15010
15619
1200
7658
11111
14751
25689
14263
2024
10663
1207
25434
26712
25996
6360
20459
702
16715
8963
2370
8279
15426
18720
4182
565
25410
13450
23064
1021
6373
2324
3648
13552
14370
5946
5272
3704
17694
1482
24985
20902
8261
7299
25123
18985
28570
3629
20337
6049
12875
777
2587
3332
12937
4954
1149
8001
18838
19235
13193
10020
10784
6963
24473
1354
9421
23391
25527
8309
6935
16911
19520
9554
5210
29948
13462
20792
10539
5943
11542
18020
14572
830
15690
19075
7581
18795
22111
16223
20981
1197
18905
3774
15794
9051
6277
3463
7213
9638
11695
6695
12593
22574
23190
1283
16397
29912
9757
15183
952
8191
17603
6990
20565
12729
19669
15259
29992
9307
1459
9175
22663
19519
6768
22467
1812
15556
26349
1121
1594
2407
953
2134
277
1537
4994
23443
8583
16801
26143
6708
18809
2188
5729
13992
14255
4466
9814
5907
13519
20786
2800
8688
2115
465
1718
2251
4733
375
7354
2382
25515
8890
12235
19402
2155
21023
8683
26808
1472
13534
2052
21424
2437
9446
17878
19642
29217
11809
9780
26548
23612
28921
17264
8948
9442
3611
21524
20782
12550
2635
12242
23191
14872
664
8382
6474
18650
721
21691
21739
21103
23576
819
8587
11188
15638
6924
9676
18132
21071
3287
3142
28439
6328
1354
9257
459
6310
11248
29987
3206
14552
14879
19076
10202
17080
2299
1136
18442
1710
7897
26484
29228
934
13078
4493
9904
3363
489
7718
16624
1875
2423
14225
29959
20853
21862
14040
24551
1993
7091
24995
23974
9111
1112
16220
6681
15266
24184
18834
4004
24766
5933
1643
26704
160
22292
1406
29982
17685
2647
9744
12188
24390
1036
28764
1157
6202
23724
72
4045
19100
5318
25206
24846
10687
20468
13161
16892
1199
15375
14825
11600
7594
879
168
1795
7422
4757
13093
5545
2293
26685
16849
9728
24863
2414
4465
3273
24078
26628
14787
1446
17688
27791
5988
22373
10584
17229
13553
5292
15862
38
20332
12981
7592
8727
1202
25708
11129
27905
9291
2807
28874
29570
2482
1557
7318
24373
18838
16874
2042
26710
12431
22826
25588
23672
29749
1363
29803
2122
26173
19281
1855
19639
25317
13692
16323
5757
2403
23220
15768
20929
14008
23472
2204
10256
10747
19091
24627
14793
7060
12480
28420
29322
17909
9968
21176
488
16560
13186
20734
19555
2149
25362
24019
26776
8474
20300
22272
1929
14849
2050
6372
4155
7220
4733
20595
9678
25332
29457
11903
12690
24114
29940
24631
16264
28477
9297
28909
24135
6302
11927
1004
8688
17728
7447
16041
21347
2773
7630
10857
8115
27508
20095
14052
23512
23175
15878
15448
12452
2276
6120
15873
17145
15418
11822
7320
11320
13743
21876
21018
22268
27591
18237
6858
5129
7048
2393
12153
1615
29916
17066
29957
28244
26166
21587
17696
19456
19320
28914
13394
12410
1045
8255
1041
20068
13426
21
22833
14722
13971
642
15815
13681
2243
21018
22546
23702
29363
20624
29900
13140
2039
25479
26076
1618
4494
933
9504
23580
7377
16873
5226
12600
20685
14143
2456
6204
6564
4690
16137
3151
9008
14242
12156
9997
26346
10198
18171
22911
20746
8275
1832
12618
16624
10765
8183
2294
26819
2717
27757
27538
20568
19349
11431
25287
2597
19472
8477
18666
4758
4237
27432
28037
16591
17661
22210
15672
4723
9498
29069
3244
20693
16123
4888
4041
28814
17381
14941
20777
1518
23397
25742
15820
15318
11419
16657
6413
13301
4569
26313
27860
6673
10861
28311
18958
26808
16058
5920
27994
16472
10894
21969
7173
8284
16815
1009
19769
15256
25271
16406
29553
27623
11298
2827
1280
2322
1958
2480
19443
9972
2707
2642
29796
2476
5018
20061
13008
2099
2002
2079
4315
1119
7385
26062
20851
486
408
19917
19458
6871
15402
12331
2024
29286
463
4461
11304
13782
860
12941
5985
9372
20725
1298
13313
25537
957
898
23733
8328
7165
21
25892
18001
25763
1933
6876
19389
7133
22947
21132
23315
2535
2163
21877
23010
1266
23866
17179
5096
19045
23471
15168
3379
1175
22816
25618
16262
13950
1503
8356
18174
1698
24093
2971
16885
28310
5396
2602
26663
29096
6443
2880
7443
2454
3974
18175
421
14259
2045
4721
18705
2922
6430
7030
21762
24019
2117
8449
23796
27524
5643
1620
9438
16554
252
2473
1813
11096
23661
21827
21869
10270
15598
1156
21921
1966
16605
27504
23797
171
24379
20881
20249
995
29411
16365
1105
25551
29128
27445
23251
26232
10622
3647
576
21164
9468
18614
1095
3985
8096
22033
9687
10345
10611
12481
19843
10599
24751
127
29467
16065
25726
7141
29640
18951
25861
21643
14184
25011
29857
10006
11243
28417
2368
7612
4092
24065
1556
5675
20708
5098
5299
2682
2684
8113
530
26208
8578
22746
12804
15524
24415
24719
19789
28884
22758
14575
24460
10554
7822
26280
856
7436
5891
20680
20970
4835
21450
21200
26876
9070
6436
13578
26032
5224
7478
2541
29412
24519
16998
22751
27620
15159
20744
28010
817
13254
29754
1138
18049
12769
2268
17878
9222
1103
14053
23412
21747
1388
15394
25922
20797
1513
12799
29595
12446
14786
19643
1702
7392
15200
29943
1517
14680
4176
2912
15228
9137
11299
3981
28473
29163
1640
11818
5732
20898
19671
1319
25262
11412
1487
22091
3455
302
14083
20285
21570
1926
25712
28804
3844
10686
1634
20989
5437
14695
2471
26029
25837
85
1364
18599
16363
11730
25270
6960
13178
4069
2940
9250
15902
29140
2404
17294
1966
17383
5155
885
24489
28783
8793
2473
157
519
1732
17983
230
2538
28084
19256
18405
7845
20159
4432
16689
14910
9909
17766
15426
8534
3543
19214
18795
12731
2323
14643
21495
22880
24243
2561
8824
25953
9575
513
12636
16962
10080
4742
7105
4472
26575
15177
1675
14378
1693
12112
16819
19256
22092
16660
5089
1869
4174
23010
25662
27985
341
130
13955
2642
15386
13079
11607
21605
17281
6214
1751
15095
3021
19354
18294
27529
7184
18727
1799
14955
25574
15470
5144
2247
6499
13953
24962
19426
13130
3944
29246
6559
21376
402
14202
24133
13760
639
5356
8065
351
29678
2615
28847
18035
23107
27052
1829
23904
7196
29570
18160
17011
9843
3849
3828
15331
25078
4171
28174
1540
2358
23316
8108
22957
3389
8964
4287
14605
12179
29154
7359
23674
23362
26675
7152
19898
1561
27659
9957
8869
28526
14884
13122
14042
12072
3373
28102
11698
5051
20324
88
20594
3493
2663
23680
7365
18745
2375
4426
5993
1674
24799
5671
14120
10378
21092
10565
1754
16243
15421
16960
1737
4710
3348
2280
17541
27730
27949
10565
697
12312
4598
10456
2622
701
28640
8484
18862
17407
15982
877
1596
1835
651
18880
27778
18958
4897
14643
4043
2954
19431
6510
18610
26700
25211
1386
21210
18364
4528
14713
29408
12117
3881
647
14478
19461
2551
12959
12626
10967
23199
16049
7918
25807
1632
27026
1648
16917
17299
8260
11109
6231
4276
27512
19274
26728
29824
6737
11587
2557
24927
2667
23056
7609
16932
12572
4156
27831
12259
18937
18583
16136
14850
20124
24295
26542
29843
7077
13019
9961
16609
26367
21824
29343
1097
27493
5495
7681
16716
27940
807
9324
18146
1778
14383
7053
27152
5919
2479
4297
2188
5179
10343
21980
1937
29368
10127
192
6719
1234
17321
8912
11316
18924
660
1533
9297
16445
21027
10337
2822
22379
26606
7490
12512
25254
12582
23833
2580
19224
24798
17156
26716
12908
3497
22681
1793
7821
15951
2716
7481
4784
11972
29715
27316
14740
24922
26312
29298
1288
20533
15054
22487
26287
21247
9079
4609
1536
3294
10917
26969
6032
371
25136
29544
14740
22853
17544
237
1137
19597
2204
12844
26551
3602
27898
9608
23166
17512
15927
29780
18639
661
7313
29159
23670
8132
17619
24814
8759
14142
24697
4871
1503
25749
8469
9867
12987
4130
10993
22186
24447
24498
4854
4542
28448
8061
29644
18905
1330
14168
24131
13216
3738
43
10482
26461
11851
3492
25374
6223
26451
16429
28381
22085
10267
13084
1658
3435
6890
23338
12572
14435
24492
26919
27299
871
4850
17644
723
2254
17977
13456
644
15870
19823
991
20280
2657
1459
16391
13343
14027
1069
23445
23064
17979
1342
20128
27945
14256
25385
1860
4176
6718
15793
15955
12139
10080
12597
1094
10325
22416
24090
6778
3922
9493
28760
27801
4781
28957
16440
15957
16799
16139
28764
24925
14963
14866
11519
1929
1000
14595
28798
1368
5591
13411
28951
6301
21781
25281
7153
1909
1691
28486
16733
11132
2228
2398
22108
15681
2711
134
28513
29687
26982
14263
22616
19821
15414
19698
28134
4672
19840
10508
7155
27215
8951
763
9574
5487
9067
29537
6447
7264
21485
19737
6283
3584
28724
25616
21123
7359
25151
13911
22710
12371
23868
11126
12633
16301
8105
24066
19068
1835
8377
9074
12943
28431
11513
17966
14884
13872
13875
9705
25335
13551
23186
12849
16427
19565
26376
29508
11222
22011
22765
5414
144
9938
8937
10480
28520
1749
14611
4203
1048
25267
10330
18397
42
28801
15653
547
17115
24647
2054
19200
10063
26378
932
9141
18629
21803
14121
19922
7516
22493
16873
14411
29702
28380
5172
17102
1372
27229
28862
19284
25811
1344
25389
14839
6493
28557
28866
2515
1810
23838
15420
14159
2113
27801
8441
27342
434
1394
2399
6497
22046
13646
1146
2543
13585
986
24294
4024
11982
5789
17136
14822
11171
13115
9208
8549
18335
4380
1002
18677
594
23068
2829
17278
7124
9092
22858
5283
17161
29498
23153
2665
1010
9524
7145
14394
20071
17714
1223
10837
23604
12461
16370
19273
8258
5386
4484
10706
7464
7700
7027
12322
25634
26793
21872
19508
27664
3507
15375
29277
22978
22875
1529
11812
7538
633
6015
13651
2450
286
23455
12622
18121
3189
3084
12964
18744
14103
9881
740
11009
863
12566
18610
4106
2301
23342
12825
462
20751
608
6435
7061
11117
4173
22183
19990
19459
6785
14179
25626
16020
3382
18250
9874
8669
24453
26399
24843
2505
12798
24643
257
20963
10059
27340
7570
29712
12303
22998
11941
14206
19988
25118
7435
19416
4774
11981
2580
9404
23610
14481
3973
10606
5972
4850
10137
3278
1703
9188
22085
24967
22141
1128
656
16010
2601
12952
22595
1979
15323
11283
990
12009
5605
27253
9899
260
20220
28731
17526
21386
10225
470
29021
9795
19392
16110
27109
3374
25016
26648
19309
395
2780
2699
7351
8762
20106
63
16292
23188
14938
5495
12351
18745
14665
4945
13565
41
26135
22684
25668
17239
23789
29929
9001
2171
20547
1205
382
1767
25857
438
5900
26060
6628
21187
17949
1197
15908
697
1854
29188
15188
1707
8770
15444
13961
474
858
14144
19646
10646
17540
778
28279
819
29298
1918
7845
336
317
479
6346
22388
17321
12066
8797
5609
18682
26202
2928
445
5783
14196
8848
29783
4383
25124
8173
7991
21977
14623
19387
10449
13376
17803
25559
2972
24767
16051
1198
27494
17593
10752
6491
21738
4044
14117
5903
7076
28247
11417
1974
18916
2361
794
10199
22306
13020
14480
7100
6289
25971
20831
2724
8182
335
25026
22613
1931
9112
11652
9253
4927
23658
20272
5883
2369
28158
17981
16066
12189
29499
13698
6206
16518
11948
26096
22257
11188
12675
24959
25664
24335
29662
14953
22994
23725
16970
21143
1545
24041
9349
14168
29396
11445
8585
25945
22003
10033
1221
2258
13373
8572
2222
3581
13903
6601
2678
5580
4006
29366
11035
8923
18367
10202
420
4772
7804
12445
17064
14066
4042
1357
271
9112
14977
1342
27676
1122
11916
26193
11948
3916
26185
17640
21432
26354
28466
19928
21537
328
1470
12496
12717
26251
10370
27673
17228
23671
26268
29039
5793
20923
27985
3344
2749
7594
6389
17170
2094
26675
3339
5881
1288
19987
6062
29065
28002
5449
25648
6361
517
1482
16640
28329
19264
14967
1953
26869
8543
2332
7928
923
20797
2522
2534
21337
18200
13559
2760
20810
13764
28852
29115
22611
10739
7567
24372
776
25267
4586
19087
1477
4920
25788
7477
14570
29148
20615
20212
8086
14436
17034
2138
9303
1109
27191
17505
1313
28583
23783
13650
29630
10472
8653
28899
3460
13412
14888
10146
22797
13492
1165
27543
14419
1668
17285
18981
8250
5001
2419
15666
21795
22755
22424
14216
21950
2688
8634
20602
26655
29170
27875
21194
2021
2465
9062
13002
23991
17427
17479
12226
22335
22635
3499
9362
22812
14384
11149
19352
14658
4688
16051
1188
4805
1893
20448
5450
29350
29494
844
19112
18157
28545
8273
17961
17399
29688
16743
29625
13330
14217
16466
2650
25927
14050
12954
26310
10615
1077
2620
1062
7338
17464
11935
19234
9635
1857
8649
24170
25784
5808
1491
28213
1248
15837
5786
20791
8974
707
27576
1016
16317
8525
5811
7731
28364
11553
29043
14204
14733
20298
12538
2550
26393
29514
4175
2916
7910
9359
10171
9134
6555
19445
17464
2663
21538
26253
21287
2492
975
6557
13889
18383
29665
18407
5072
9749
25463
3118
495
12284
23941
15607
21807
23762
14647
23949
18859
10466
21429
8263
8222
18912
759
24077
2100
647
10971
10009
15711
22912
10357
20731
22763
14214
1958
9696
26643
12488
14064
6419
5253
2142
11656
9412
4163
26144
14253
13577
25756
9700
23865
17442
11611
2502
5750
3073
5182
19932
17202
28938
8361
2330
6166
2583
12188
24420
259
27071
10211
8467
24798
3288
16012
24954
1470
4666
24478
17113
2851
8134
3848
6321
6297
6311
21976
28713
19902
2264
4013
640
6992
27110
11375
2532
12938
9464
14909
24498
2433
220
19367
11711
23786
5251
3614
12551
1614
17632
9384
28357
24640
14285
6873
11154
9982
23135
1022
24016
9847
1642
6811
8009
45
27448
29720
25108
26234
118
7351
27833
9287
24912
12233
24980
10939
20766
16418
21887
4961
12350
9418
14763
26541
2853
2245
7375
28048
1184
1589
1925
8778
2592
1007
704
22400
645
28428
16547
9870
17450
7920
20158
11806
225
5296
7002
19962
22448
13695
19496
21790
1709
2410
18260
22034
7126
21062
16048
5494
7044
3814
222
18142
8961
16017
18669
3041
29015
898
13145
26989
19595
11474
25100
10077
13018
7876
3545
20046
12610
29471
9803
14254
836
24562
3977
25621
24553
21938
588
3033
6147
13431
1588
7645
27061
24936
28040
8361
11573
20596
7165
10688
16081
22084
5866
24365
18992
22125
16345
14176
23259
8681
2351
27448
22011
6600
24080
20065
16741
27171
16765
480
1699
29010
26815
13548
19060
10078
21769
26624
24488
6585
12377
26158
16132
20269
29087
26806
8861
10259
3105
6359
17795
3781
11806
25573
14219
3158
21169
21916
7762
5504
11001
27828
1918
9181
8823
7605
12359
28506
695
733
26167
23530
1283
8544
25901
28535
2676
6943
22184
25630
8570
1628
22082
10907
25182
23005
8059
28930
24886
15983
18616
433
22073
1404
12172
3714
3108
28128
1285
15429
3548
11001
21098
621
22356
25085
15700
13065
3505
4497
13530
16118
684
6039
26145
2643
1848
18759
14675
25910
20837
20865
1696
1901
1109
18785
7299
22440
21133
16149
1559
13573
8638
7915
27081
23723
1108
12974
18303
14795
15262
11059
16313
20739
1663
26671
16935
26326
4596
29259
25756
27225
16136
23419
4625
766
24357
1115
10989
2486
331
12027
1364
9347
2165
13836
9693
7692
26250
8731
648
18341
26754
2862
11727
5806
22459
6093
11101
7434
3034
22803
13533
26067
6629
11524
6420
2635
25952
6945
27473
4886
19638
24378
13044
1143
29915
5764
13357
24057
768
17131
13830
17535
1911
6313
27044
28765
29991
18968
22217
11736
4658
17860
29086
8459
9669
6853
15792
27868
2383
540
8760
17967
2262
75
21407
18266
28327
10874
273
6104
23612
11207
24178
15425
29779
2461
4542
8825
12684
9913
28021
15912
22083
17545
5736
18795
1343
2101
5613
2202
12490
6963
18473
22889
1843
7014
2654
17538
26192
8214
418
11026
5239
550
16642
24275
24527
11458
887
21867
13234
22871
3177
5859
7510
9608
21185
28762
941
12685
11219
16123
5769
22527
2476
26412
14596
2418
19912
19464
27423
27010
8151
23312
377
17473
8640
29
25443
21935
9447
5530
305
4507
17580
9455
16563
1977
2612
2880
325
6117
2107
22104
24068
17111
18249
28128
14402
20696
18773
23765
8284
15587
20072
20281
11418
13615
14516
6152
14166
28860
20740
21357
18529
812
6981
1030
11682
8917
21574
29574
1792
5396
1932
3529
18819
13540
5513
20461
2181
18351
28990
6608
15695
5220
16094
4852
13329
28873
12773
17018
10226
14611
27528
25422
19577
26036
2367
18591
25963
13172
1873
26258
1910
4547
4046
21303
12109
19277
15603
21436
22053
7376
14474
18912
3391
11818
22208
5547
24280
8631
11611
16220
5501
11737
5883
2164
1091
29912
1647
27665
2085
3821
620
1485
7679
1385
4266
14472
1147
26427
14864
9139
25178
3554
1601
22511
28534
3168
12182
10949
21173
368
16158
29335
29760
4665
10723
16086
6677
28738
21359
24694
7849
22889
6543
22175
1442
16447
19799
29606
9957
11734
15718
20027
5915
23694
13676
21220
22330
29996
5865
2474
2417
8748
28471
25617
19587
27993
11978
10062
19752
7066
26039
18101
1712
1503
10611
17009
441
22364
2013
24183
18755
2117
11135
17853
15666
20092
5393
28070
19412
29366
3647
19905
20692
23300
14765
16308
14990
2657
25655
7027
1395
16007
1613
25526
1711
8200
19871
5801
18954
14489
277
437
1804
9137
7395
24735
29029
11603
26683
2543
26764
21287
19235
324
19109
23504
3720
21863
28328
842
15539
25517
2496
9394
20939
8289
1009
14459
21915
1201
2766
24734
17046
24279
6794
28993
24088
22859
9341
18107
26095
566
23721
10407
14106
26410
27822
25399
20944
6417
11546
2764
24261
11364
29909
7619
6568
2462
653
865
17648
8687
861
20498
2776
23604
20995
9758
28584
20007
6978
27742
14647
5587
27509
18781
28590
26444
181
13282
23438
8860
20013
22654
9461
1536
13691
2097
749
20565
28506
22641
21285
26573
26494
2974
24852
22758
4032
15215
1563
16797
28283
29665
282
1966
27702
20338
18022
8768
9347
5241
666
11759
15910
15544
7627
25833
3706
6964
1584
18798
3089
5189
27586
13233
21659
7145
19281
25300
18953
28253
2551
6675
2802
14063
20641
7744
18997
6414
16586
10095
18912
20387
26250
6898
2080
22180
3024
8584
5786
21221
20715
28113
810
11314
11856
18181
7082
3484
17303
11238
2854
16400
6086
8691
12653
4910
11986
1247
1210
18519
6243
27201
13971
13320
23512
28045
8178
2407
25995
787
14499
1052
22870
23142
7661
25698
28246
18224
27764
29022
14318
2564
29022
127
15
1956
389
27206
5815
24484
12044
17272
15032
16927
1126
5201
2699
19880
20051
1788
21892
2435
13148
4736
5240
20502
14753
17661
13148
15770
19137
23512
2655
486
12026
6243
18267
23950
17298
8672
552
375
28789
13463
18770
27247
8479
18214
28220
1835
17596
6681
14916
22961
6542
26042
27481
13255
18320
6698
14570
6059
3673
26033
4337
4356
2626
35
9777
6681
21707
9124
13243
24897
1083
2525
6583
666
20103
10030
14177
2558
21365
4694
9810
20787
20993
26994
15105
3682
19712
29714
28297
9931
25347
11154
5549
6582
23934
7592
2329
6061
15146
23865
8938
6632
14759
65
13681
3593
8806
4882
24372
27146
24262
22540
24630
15475
6013
3407
21625
3280
25402
9949
656
8290
18569
20003
22169
485
5878
26249
4251
5298
23413
16456
4077
27222
29697
28027
23048
29731
1668
28026
23997
24373
24311
8803
25209
19415
922
17657
1944
2759
14214
19122
11288
7640
4785
29195
1472
13063
14578
26911
4416
13200
28277
17016
14794
13681
10897
11301
978
79
14504
7436
7939
17768
24655
27778
23458
5065
22703
2073
27894
23745
2859
15289
5912
7317
26948
16371
18727
1605
22969
657
5007
1407
242
23922
21387
547
26782
12181
14313
25079
19100
3187
782
7308
791
98
11833
3248
28150
21079
21004
15381
13171
6684
792
2257
18441
25730
15064
8776
9108
21512
21521
21624
29620
3805
1080
1571
19826
14835
28740
11394
8742
10837
24038
2183
1640
16570
28871
4852
17253
9050
19729
23258
6564
18944
17200
1925
2458
4193
26842
7526
21707
17068
17228
3921
1618
22626
26327
28649
3155
20840
12188
22360
991
26971
612
20803
4631
5411
28115
26364
14277
2459
29453
6650
15111
29583
8025
25223
12621
775
21813
1721
16294
628
1482
23971
8485
16297
2674
21196
27786
16412
14200
15841
23838
16428
3103
25254
8927
2244
9189
11570
2221
27729
19720
2348
10468
753
26698
7281
22363
21677
193
7208
19052
24601
29715
21975
16742
20057
29200
15078
18783
5174
2096
8068
12317
10609
19343
19610
7735
19030
17797
28157
7287
613
22539
12520
2179
10318
11659
9897
15548
25195
13591
16282
28519
11570
6829
29267
3339
4634
5306
25374
4633
8158
10972
8108
10194
9169
23020
17158
2150
3441
14652
5573
28249
12350
1309
2390
4907
22477
12965
22169
312
25112
28847
457
15581
21528
14882
4481
2268
7318
23927
10844
18946
1038
7541
17854
19975
12789
20287
7633
1157
7788
6545
29939
8780
10741
14663
22558
5670
18838
28447
26023
6295
6236
1423
27692
21783
3570
18170
152
3491
882
11087
5000
2144
1355
26290
2035
130
23172
14224
22757
7788
6256
13581
16365
15128
1842
19856
21144
29370
1186
3713
28989
19104
19937
6481
27931
28253
22505
27067
17807
18470
24665
20810
17803
844
16832
19484
5443
28940
10279
4837
5161
14035
23204
3638
3868
3973
17196
3840
9948
7728
10409
28756
1426
13084
20300
1644
27566
21239
29477
2495
2880
14638
20721
5745
2891
22942
12595
18233
16774
9580
10630
21832
4997
5937
2097
23447
24296
19035
7676
16031
12755
8656
23106
10270
26526
16852
27976
28697
2205
24876
25805
5917
13634
13699
434
13771
21425
2526
28412
1428
6485
572
29000
26304
16097
10192
2110
1973
4026
27233
12409
4470
29795
6881
22214
2106
312
14989
1867
815
23904
2885
218
414
5629
26093
677
24160
12709
20499
25924
26802
6166
5330
5653
9045
8741
25846
1524
12570
26104
16992
8780
12428
4981
15021
10844
27581
29946
13586
21901
13638
26703
22410
13315
5769
25561
18228
2114
13113
23568
18422
16947
1565
7475
2615
12951
23312
27962
24300
28795
10829
2572
1009
7964
14569
22514
18042
9517
8865
21579
7466
21799
12502
8322
24643
28641
8918
14654
10783
13664
19293
11736
208
704
10076
27666
3315
25971
20984
29702
14842
1482
1190
2140
2409
22162
15254
11968
6033
23393
1437
5267
12956
23537
26904
11233
21432
16075
1805
5268
13176
20808
12756
9703
2118
15524
18935
11293
26430
20820
16406
11890
11879
7321
23102
20818
16899
1830
15770
10441
6970
9503
11322
3899
2353
20114
20499
21589
29745
1210
14151
22595
23557
1745
26023
26403
5539
2678
8054
26810
3087
7392
20848
14438
2173
4226
14859
14676
17846
18447
14333
1475
21180
7823
25086
425
2225
5555
19407
1988
6133
15973
7291
19123
28815
4004
23005
14454
2510
8079
3426
4435
19759
29375
9745
20939
10370
21978
15304
924
2889
53
6088
2296
21345
10202
9843
3398
27876
7675
13909
22552
10573
28005
10338
5708
4573
10600
78
1223
14654
2278
11587
1055
20583
410
20990
24199
703
12236
13818
11297
23941
17410
15874
12111
18031
25896
11553
14202
17809
22547
23980
1543
9857
11282
2946
18807
13497
5574
5011
23293
5948
27700
19615
22550
3965
1769
23872
26244
8060
9597
13099
21435
23346
603
2691
12112
26927
16032
23951
27054
338
14498
988
19211
8665
25491
10854
22170
8681
6758
803
28162
11024
29713
27904
18704
22585
6371
17376
5544
6913
536
29154
21506
488
22443
9699
17171
3305
24683
21317
29000
14205
14417
24302
17786
16796
16657
7571
5151
262
239
1846
5309
4098
25556
17389
19365
19557
4769
182
15325
9621
21699
25768
46
718
12296
28059
21375
5861
15024
24011
2690
5195
21448
6377
3182
16404
13747
12691
15468
8808
5898
22228
18966
42
19878
15087
